     1	,6272
     2	,6273
     3	,6271
     4	,6270
     5	,6276
     6	,6277
     7	,6275
     8	,6274
     9	,6280
    10	,6281
    11	,6279
    12	,6278
    13	,6284
    14	,6285
    15	,6283
    16	,6282
    17	,6288
    18	,6289
    19	,6287
    20	,6286
    21	,6292
    22	,6293
    23	,6291
    24	,6290
    25	,6212
    26	,6218
    27	,6217
    28	,6210
    29	,6203
    30	,6209
    31	,6208
    32	,6201
    33	,6194
    34	,6200
    35	,6199
    36	,6192
    37	,6376
    38	,6185
    39	,6191
    40	,6190
    41	,6183
    42	,6176
    43	,6182
    44	,6181
    45	,6174
    46	,6167
    47	,6173
    48	,6172
    49	,6165
    50	,6359
    51	,6232
    52	,6235
    53	,6238
    54	,6237
