     1	,7914
     2	,7915
     3	,7913
     4	,7912
     5	,7918
     6	,7919
     7	,7917
     8	,7916
     9	,7922
    10	,7923
    11	,7921
    12	,7920
    13	,7926
    14	,7927
    15	,7925
    16	,7924
    17	,7930
    18	,7931
    19	,7929
    20	,7928
    21	,7934
    22	,7935
    23	,7933
    24	,7932
    25	,7820
    26	,7826
    27	,7825
    28	,7818
    29	,7811
    30	,7817
    31	,7816
    32	,7809
    33	,7802
    34	,7808
    35	,7807
    36	,7800
    37	,7850
    38	,7793
    39	,7799
    40	,7798
    41	,7791
    42	,7784
    43	,7790
    44	,7789
    45	,7782
    46	,7775
    47	,7781
    48	,7780
    49	,7773
    50	,7832
    51	,7874
    52	,7877
    53	,7880
    54	,7879
